759,52
759,51
759,50
759,49
759,48
759,47
759,46
759,45
759,44
759,43
759,42
759,41
759,40
759,39
759,38
759,37
759,36
759,35
769,14
769,13
769,12
769,11
769,10
769,9
769,8
769,7
769,6
769,5
769,4
769,3
769,2
769,1
769,0
768,4
768,3
768,2
768,1
768,0
767,5
767,4
767,3
767,2
767,1
767,0
766,3
766,2
766,1
766,0
765,3
765,2
765,1
765,0
764,3
764,2
764,1
764,0
763,5
763,4
763,3
763,2
0,543
763,1
763,0
762,4
762,3
762,2
762,1
762,0
761,4
761,3
761,2
761,1
761,0
760,3
760,2
760,1
760,0
732,4
732,2
732,0
733,4
733,2
733,0
733,1
733,3
738,5
738,4
738,2
738,0
738,1
738,3
731,2
731,0
731,1
731,3
736,2
736,0
736,1
736,3
735,2
735,0
735,1
735,3
740,7
740,6
740,5
740,1
740,4
740,2
740,0
740,3
0,542
0,474
739,4
739,2
739,0
739,1
739,3
734,5
734,4
734,2
734,0
734,1
734,3
0,278
0,9
737,2
737,0
737,1
737,3
